100,Titanic,3,10.5,3.4,6.1
101,Queen Mary 2,4,11.7,5.5,6.6,4.4
102,USS Constitution,5,14.2,3.1,4.8,5.7,6.3
103,Bismarck,6,12.1,2.5,3.9,4.1,6.7,7.8
104,Endeavour,7,9.6,5.1,6.8,7.3,8.4,9.0,10.2
105,Santa Maria,3,8.9,2.6,4.3
106,HMS Victory,5,9.8,3.2,4.7,5.1,6.5
107,Black Pearl,7,13.4,2.8,3.6,4.5,5.3,6.7,7.9
108,USS Enterprise,3,7.8,4.1,5.2
109,Mayflower,6,12.3,3.5,4.6,5.8,6.9,7.3
110,Golden Hind,4,8.2,5.7,6.1,7.3
111,USS Arizona,5,10.8,3.9,4.5,5.6,6.8
112,RMS Lusitania,7,13.1,2.5,3.8,4.9,5.4,6.6,7.1
113,HMS Beagle,3,10.1,4.2,5.9
114,SS Great Eastern,6,10.9,3.1,4.4,5.2,6.5,7.8
115,USS Missouri,4,9.4,2.9,4.3,5.7
116,Costa Concordia,3,7.2,5.6,6.3
117,USS Nimitz,5,12.0,3.3,4.7,5.1,6.2
118,MS Oasis of the Seas,7,14.7,2.7,3.9,4.8,5.3,6.2,7.5
119,RMS Britannic,3,8.7,3.5,4.9
120,USS Yorktown,6,15.2,2.8,3.6,4.5,5.2,6.7
1,V1,3,1.00,2.00,3.00
2,V2,4,1.00,2.00,3.00,45.00
3,V3,3,1.00,11.22,13.31
4,V4,5,1.00,2.00,3.00,88.00,22.00
5,V5,5,1.00,2.00,32.00,1.00,1.00